
    French Ligue 1 2020/21  
Paris Saint-Germain,8,6,0,2,20,3,17,18
Lille,8,5,3,0,14,3,11,18
Rennes,8,4,3,1,16,10,6,15
Marseille,8,4,3,1,11,8,3,15
Nice,8,4,2,2,11,10,1,14
Lyon,8,3,4,1,14,8,6,13
RC Lens,7,4,1,2,10,10,0,13
Angers,8,4,1,3,10,16,-6,13
Bordeaux,8,3,3,2,9,5,4,12
Metz,8,3,2,3,9,7,2,11
Montpellier,8,3,2,3,13,13,0,11
Monaco,8,3,2,3,11,13,-2,11
St Etienne,8,3,1,4,9,12,-3,10
Brest,8,3,0,5,11,18,-7,9
Nantes,7,2,2,3,9,10,-1,8
Nimes,8,2,2,4,9,13,-4,8
Lorient,8,2,1,5,12,15,-3,7
Strasbourg,8,2,0,6,9,16,-7,6
Reims,8,1,2,5,10,13,-3,5
Dijon,8,0,2,6,4,18,-14,2
