
    Italian Serie A 2020/21  
AC Milan,5,4,1,0,12,4,8,13
Napoli *,5,4,0,1,14,5,9,11
Sassuolo,5,3,2,0,16,9,7,11
Inter Milan,5,3,1,1,13,8,5,10
Juventus,5,2,3,0,10,4,6,9
Atalanta,5,3,0,2,15,12,3,9
Sampdoria,5,3,0,2,10,8,2,9
Verona,5,2,2,1,5,2,3,8
Roma,5,2,2,1,11,10,1,8
Fiorentina,5,2,1,2,10,10,0,7
Cagliari,5,2,1,2,10,12,-2,7
Lazio,5,2,1,2,6,9,-3,7
Benevento,5,2,0,3,9,14,-5,6
Spezia,5,1,2,2,7,11,-4,5
Genoa,4,1,1,2,4,9,-5,4
Parma,5,1,1,3,6,11,-5,4
Bologna,5,1,0,4,8,10,-2,3
Udinese,5,1,0,4,5,9,-4,3
Torino,4,0,1,3,7,11,-4,1
Crotone,5,0,1,4,5,15,-10,1
